-161.8		-2
-162.3		-3
-162.8		4
-162.9		-2
-162.3		1
-162.7		3
-162.1		-2
-162.9		-2
-163.3		1
-164.9		-4
-161.0		4
-162.3		-1
-165.3		-1
-160.5		4
-163.8		-1
-160.3		-2
-163.6		2
-164.6		-1
-163.5		-1
-163.7		0
-162.8		2
-163.1		-1
-162.1		-1
-162.1		1
-162.0		0
-162.5		0
-161.3		1
-162.6		-2
-163.3		-1
-163.2		1
-158.8		3
-161.5		-1
-160.8		0
-160.8		1
-162.0		-1
-161.1		0
-161.4		-1
-163.6		-2
-162.3		4
-162.1		0
-159.0		1
-160.1		-3
-160.9		2
-159.0		1
-161.1		0
-161.1		-1
-160.2		-2
-163.1		0
-163.1		1
-160.6		0
-163.3		-1
-160.4		0
-164.0		-3
-164.9		1
-159.9		4
-161.8		-1
986.8		1146
983.6		-1
981.9		0
-159.2		-1141
-159.1		0
-158.4		0
-157.9		1
-158.8		1
-162.5		-6
-157.8		6
-157.6		-2
-160.7		-2
-157.6		2
-158.6		-1
-156.7		0
-159.0		-1
-159.2		0
-160.3		0
-160.3		1
-161.3		-2
-161.8		-1
-161.5		0
-161.4		0
-163.1		-1
-162.6		1
-162.3		0
-161.9		-1
-160.9		1
-161.1		0
-160.6		2
-161.0		-1
-161.5		0
-163.6		-3
-161.8		3
-162.9		0
-160.8		0
-165.6		-4
-162.9		1
-165.1		-1
-166.5		1
-163.0		-2
-165.1		1
-166.2		0
-164.7		2
-165.1		-3
-163.6		2
-167.0		-2
-166.8		-1
-168.3		0
-168.8		-2
-166.7		2
-167.1		0
-168.0		-3
-167.6		2
-169.8		-2
-168.5		2
-169.6		-2
-167.4		4
-165.7		1
-167.0		-3
-166.0		1
-169.2		-3
-168.6		1
-167.8		-2
-168.5		2
-168.3		0
-168.8		1
-171.2		-3
-168.9		2
-169.2		-1
-167.4		3
-169.1		-2
-168.6		-2
-169.6		1
-169.2		0
-168.6		1
-169.6		-2
-169.3		2
-169.5		0
-170.6		-1
-168.1		0
-170.6		1
-170.0		-2
-172.8		-1
-169.1		2
-169.7		1
-169.6		-3
-170.2		1
-172.6		-1
-172.4		1
-169.7		0
-172.1		-2
-170.6		1
-171.0		1
-170.6		0
-170.8		0
-171.3		0
-170.3		1
-172.9		-2
-171.5		1
-172.7		-1
-170.5		2
-172.9		-3
-170.6		3
-172.5		-2
-172.2		0
-174.7		-1
-171.6		1
-173.4		-1
-172.1		0
-172.2		1
-173.1		-2
-173.9		-2
-172.4		5
-172.6		-3
-175.7		-2
-174.2		3
-172.6		-2
-175.1		2
-174.6		-1
-173.8		-2
-171.9		2
-172.4		2
-173.5		0
-174.7		-3
-174.5		0
-175.0		1
-175.7		-3
-174.4		1
-174.4		0
-174.6		1
-176.8		0
-175.7		2
-174.6		-2
-173.5		3
-172.8		-2
-177.1		0
-175.9		-4
-175.2		3
-175.1		-1
-177.6		-2
-175.8		3
-173.7		-1
-177.2		-2
-175.6		2
-178.3		-2
-178.5		1
-177.2		0
-178.6		-2
-177.8		1
-180.4		-3
-179.1		2
-182.0		-3
-183.6		-2
-181.4		3
-179.4		0
-183.1		-1
-180.5		2
-181.8		-1
-181.5		0
-179.6		2
-181.1		-1
-181.8		-1
-182.7		-1
-181.1		1
-179.9		-2
-181.6		0
-179.5		1
-182.2		0
-183.3		-1
-183.0		0
-181.8		0
-183.3		0
-184.5		-4
-182.7		4
-180.8		0
-183.3		-3
-183.9		1
-183.2		0
-182.6		1
-184.6		-1
-183.4		1
-185.1		-2
-182.8		1
-184.0		0
-185.5		0
-181.9		1
-182.1		-1
-185.0		0
-186.5		-2
-182.9		3
-184.5		-2
-184.1		1
-184.4		0
-187.9		-2
-185.8		2
-184.2		1
-183.5		1
-185.2		-1
-182.6		0
-184.8		-2
-185.3		1
-183.0		2
-183.6		-2
-184.4		1
-181.7		2
-182.5		0
-184.1		-3
-184.8		0
-185.9		-2
-183.7		2
-183.1		2
-185.0		-2
-181.2		3
-184.1		-4
-184.6		0
-183.6		2
-182.5		0
-184.3		-2
-185.3		-1
-183.8		4
-185.5		-2
-183.3		0
-184.1		0
-186.0		-1
-184.0		2
-182.9		1
-183.3		0
-186.0		-2
-184.5		-1
-184.6		1
-182.6		1
-182.4		0
-183.0		0
-184.1		0
-182.1		0
-183.6		-2
-181.9		2
-185.8		0
-181.5		2
-181.1		0
-181.0		1
-182.4		-2
-181.9		0
-181.9		1
-180.6		1
-182.6		-2
-180.5		1
-184.3		-3
-185.0		2
-181.2		0
-182.6		-1
-180.9		2
-182.6		-1
-179.8		3
-183.2		-3
-182.0		0
-181.9		1
-182.0		-1
-184.1		0
-183.1		0
-182.6		1
-182.0		0
-183.1		-3
-181.9		4
-182.9		-3
-183.6		-1
-182.5		3
-183.2		-1
-182.6		1
-183.9		-1
-184.3		0
-182.1		0
-185.1		-2
-183.1		0
-182.4		1
-183.2		1
-182.9		-1
-181.4		2
-184.6		-3
-183.4		2
-182.8		0
-182.3		-1
-183.6		1
-183.6		0
-185.0		-1
-185.0		-1
-185.1		1
-186.5		-1
-185.2		0
-182.5		0
-187.1		-3
-182.5		4
-182.8		-2
-185.9		-1
-183.8		4
-183.1		-2
-181.9		2
-181.9		1
-183.8		-2
-182.0		2
-182.4		0
-182.9		0
-183.9		-2
-184.6		1
-182.1		2
-184.1		-4
-183.5		0
-181.5		2
-183.4		-1
-184.1		-1
-183.0		1
-184.3		-1
-184.0		2
-183.4		-2
-186.6		-2
-182.6		4
-182.1		-1
-182.5		2
-183.3		-3
-185.0		0
-184.0		1
-183.2		2
-184.1		-2
-182.8		1
-181.8		1
-183.5		-2
-183.3		1
-182.5		-1
-182.0		-1
-182.4		3
-184.2		-1
-184.8		-1
-184.4		1
-184.0		0
-184.3		-1
-184.1		0
-185.8		0
-183.3		0
-183.5		1
-183.7		0
-183.8		-1
-184.0		0
-185.3		-1
-184.6		-1
-184.1		1
-183.4		0
-183.3		0
-183.9		-1
-185.5		1
-182.0		1
-185.9		-3
-183.3		5
-183.8		-2
-183.9		-2
-185.1		2
-181.1		0
-185.9		-3
-182.1		3
-183.9		0
-185.9		0
-185.2		-1
-183.1		-1
-185.9		2
-186.1		0
-185.9		0
-184.1		-2
-182.9		1
-184.2		0
-186.6		0
-186.8		0
-185.6		-1
-183.9		0
-185.1		3
-186.1		-3
-187.6		-1
-186.4		0
-186.9		-1
-188.2		-1
-185.6		2
-186.3		0
-185.6		0
-186.5		2
-186.2		-1
-187.1		-3
-186.3		3
-186.5		0
-186.5		-3
-184.6		3
-188.9		-1
-185.3		1
-187.4		-3
-185.6		0
-187.2		2
-186.6		0
-188.1		0
-186.9		-2
-187.9		1
-186.1		2
-185.5		1
-186.7		-1
-184.1		0
-187.2		-1
-185.6		-2
-187.4		0
-187.9		0
-187.4		1
-187.9		1
-186.6		-1
-186.1		2
-188.2		-3
-189.3		-1
-187.1		2
-188.0		0
-188.7		0
-189.8		0
-187.9		0
-187.7		2
-185.0		-1
-187.5		-1
-184.1		1
-187.9		1
-186.8		0
-186.9		-1
-187.0		-2
-188.0		2
-187.0		-1
-186.4		2
-187.4		-2
-189.2		0
-188.1		0
-187.1		0
-187.9		0
-186.4		2
-187.1		0
-186.9		-2
-187.1		2
-187.8		-1
-188.3		-1
-187.8		-1
-189.4		0
-187.5		0
-188.9		-1
-188.0		4
-187.8		-2
-187.0		0
-186.9		0
-190.0		-1
-188.6		1
-187.5		1
-189.0		-3
-188.0		2
-187.1		0
-189.2		-1
-189.1		-1
-189.2		0
-186.6		2
-189.1		-1
-189.3		0
-188.8		0
-187.0		0
-191.8		-1
-188.8		0
-191.0		1
-187.6		1
-189.5		-3
-189.0		3
-188.6		0
-187.0		1
-186.9		-1
-186.6		-2
-188.9		2
-187.8		0
-190.8		-3
-190.9		2
-187.9		0
-190.7		-1
-188.8		0
-190.1		0
-189.8		-1
-189.1		1
-191.1		0
-190.0		0
-191.6		-1
-190.0		1
-191.3		0
-188.2		0
-189.5		-1
-188.0		3
-187.8		-2
-189.3		1
-188.6		-1
-190.6		-1
-191.5		1
-189.1		-1
-188.8		4
-190.1		-3
-187.1		2
-188.7		-3
-188.9		1
-189.6		-1
-189.6		2
-189.1		-1
-189.2		0
-188.4		2
-190.8		-2
-187.8		0
-190.6		-1
-189.1		1
-191.2		-1
-190.5		1
-188.6		1
-188.1		-1
-192.4		-2
-191.3		2
-191.5		-1
-190.0		1
-189.6		-1
-189.3		0
-191.9		0
-190.0		0
-192.0		-1
-191.9		0
-189.6		1
-193.4		-1
-191.9		-1
-190.9		1
-193.6		0
-189.0		2
-190.9		-1
-192.5		-2
-192.5		1
-192.3		-1
-192.7		1
-191.3		2
-190.3		-1
-190.1		0
-191.6		-2
-191.6		1
-191.6		-1
-189.9		1
-192.2		1
-191.8		0
-191.7		-3
-190.0		5
-190.9		-2
-189.4		0
-194.0		-2
-190.0		2
-187.6		2
-189.9		-2
-189.6		1
-191.6		-1
-193.8		0
-188.7		0
-189.5		2
-192.1		-2
-190.4		0
-189.1		2
-191.5		-4
-194.2		1
-192.8		0
-191.8		0
-192.6		-1
-190.4		1
-190.5		2
-191.6		0
-191.8		-1
-192.8		-3
-192.2		3
-191.5		-1
-193.3		-1
-191.6		1
-191.5		0
-193.2		-3
-189.7		4
-192.8		-2
-193.3		0
-192.9		1
-192.1		0
-190.5		0
-193.5		-1
-192.8		0
-190.7		2
-188.1		2
-191.2		-4
-190.8		1
-192.8		-1
-191.3		1
-191.7		2
-192.2		-4
-191.3		2
-191.8		1
-188.9		0
-190.5		0
-192.8		-1
-193.1		-2
-191.3		2
-193.1		-1
-191.9		0
-190.4		2
-191.1		-1
-191.6		-1
-193.6		-2
-193.0		2
-190.3		2
-191.1		0
-190.1		-1
-189.8		2
-190.8		-2
-190.1		2
-190.7		0
-190.9		-3
-192.1		0
-189.8		3
-194.8		-2
-194.0		-1
-192.4		0
-192.3		-1
-191.5		1
-193.1		-1
-193.8		0
-192.1		0
-192.1		5
-191.3		-3
-192.9		-1
-193.6		0
-195.9		-2
-193.5		1
-193.9		0
-193.3		0
-195.1		1
-191.1		-2
-195.4		2
-193.5		0
-193.6		-1
-191.8		0
-192.3		1
-193.1		-1
-191.5		3
-193.2		-3
-192.8		2
-193.4		-3
-193.3		2
-193.8		-2
-195.4		0
-194.1		1
-191.8		1
-191.4		4
-194.8		-5
-194.2		0
-193.3		-1
-195.3		0
-192.5		2
-192.6		-1
-194.0		0
-192.2		2
-194.4		-2
-191.6		1
-191.4		-1
-192.6		3
-193.1		-4
-194.3		0
-193.6		2
-193.6		-1
-197.9		-1
-194.3		-1
-192.1		2
-194.5		0
-193.1		2
-193.8		-1
-191.9		0
-193.6		-1
-193.6		-1
-195.6		1
-194.1		0
-192.9		-1
-195.4		0
-194.0		1
-193.8		-3
-195.0		2
-195.1		0
-194.3		0
-193.6		1
-196.1		-1
-194.5		-1
-194.9		0
-193.2		1
-195.9		-1
-195.5		-1
-194.8		2
-196.0		-3
-197.0		0
-197.2		1
-195.4		2
-196.1		0
-194.5		-2
-196.2		0
-194.5		3
-198.5		-5
-196.0		3
-196.6		-1
-196.6		0
-197.7		1
-196.1		0
-196.8		-1
-198.2		0
-197.9		0
-196.2		1
-195.5		0
-195.8		-1
-197.4		1
-199.3		-2
-196.0		0
-196.7		2
-196.6		-3
-196.2		5
-198.5		-2
-196.1		-3
-198.4		0
-198.8		1
-198.8		-1
-196.1		5
-196.1		-3
-197.5		-2
-196.6		1
-197.2		1
-198.8		-2
-198.6		1
-196.6		3
-197.1		-3
-198.9		0
-197.3		0
-200.3		-2
-197.8		1
-198.4		1
-198.6		-2
-200.3		1
-198.1		1
-198.3		0
-196.0		0
-196.0		0
-196.5		1
-197.3		0
-194.4		0
-196.6		0
-197.8		1
-197.6		-2
-195.2		2
-197.5		1
-196.5		-4
-197.6		2
-198.6		-2
-198.5		2
-197.7		2
-196.6		-2
-198.1		-2
-199.6		-1
-196.5		1
-197.6		-1
-194.8		1
-198.8		0
-196.9		0
-198.4		1
-197.6		-1
-197.3		-1
-199.0		0
-197.0		3
-198.6		-2
-198.5		2
-197.8		-3
-198.4		0
-198.6		1
-200.0		0
-197.9		1
-194.3		0
-197.6		-2
-198.8		2
-198.1		-1
-198.5		2
-198.8		-4
-197.6		3
-197.9		1
-197.1		-1
-196.4		1
-195.0		1
-196.2		-2
-196.2		2
-196.3		-2
-194.5		3
-198.1		-3
-196.9		1
-196.3		-1
-197.1		0
-199.1		-1
-201.1		0
-198.4		0
-196.4		2
-199.2		0
-195.9		-1
-196.9		0
-200.1		-2
-199.0		2
-200.1		0
-198.1		-1
-198.8		2
-198.4		-2
-200.1		0
-199.4		1
-202.3		-1
-201.3		-2
-199.8		2
-200.2		-1
-202.1		-2
-201.4		-1
-200.5		1
-200.2		3
-198.5		0
-200.1		-2
-202.1		0
-201.5		1
-199.5		0
-202.9		-3
-203.3		0
-200.6		2
-201.3		0
-199.1		2
-199.2		-1
-199.0		-1
-199.6		1
-200.8		0
-200.4		-2
-199.8		2
-202.1		-2
-199.3		2
-201.3		-2
-198.6		2
-202.0		-2
-201.4		1
-199.3		1
-202.4		-2
-198.6		2
-197.8		0
-201.4		-1
-199.1		2
-198.3		0
-197.5		-1
-200.6		0
-198.4		1
-196.5		1
-200.6		-1
-197.9		-3
-200.0		2
-199.1		0
-199.2		0
-198.5		0
-199.6		0
-199.3		-1
-198.6		2
-201.6		-2
-201.7		-1
-201.4		-1
-198.7		1
-199.6		1
-201.0		2
-199.1		-1
-200.0		-2
-198.6		4
-198.5		-3
-197.3		0
-200.5		2
-198.5		0
-201.6		-3
-198.6		4
-199.9		-4
-199.6		2
-199.3		1
-199.0		-3
-199.6		1
-202.2		1
-200.5		1
-201.8		-2
-197.8		5
-200.4		-4
-200.4		-2
-198.6		3
-201.1		-1
-199.9		1
-198.0		-1
-200.6		0
-199.8		1
-200.6		-2
-199.4		3
-200.8		-4
-201.9		2
-201.3		-1
-201.4		2
-199.2		-1
-199.2		0
-199.3		-1
-199.9		1
-197.9		3
-199.3		-3
-199.0		1
-198.9		1
-199.9		-2
-199.3		-2
-199.1		4
-200.3		-3
-199.4		2
-199.8		1
-194.3		1
-199.1		-2
-197.0		1
-196.5		-1
-199.4		1
-201.1		-3
-197.0		3
-198.1		1
-198.3		-1
-198.1		0
-198.0		0
-198.7		-1
-197.9		2
-198.5		-3
-198.4		3
-198.9		-2
-197.8		1
-199.4		-2
-198.9		2
-195.4		1
-196.5		-1
-199.4		-3
-195.5		3
-196.7		1
-196.8		1
-195.9		-1
-197.3		-1
-198.4		1
-194.9		0
-198.1		0
-200.1		-2
-198.4		2
-196.3		2
-195.6		-2
-195.0		1
-197.9		-2
-196.7		1
-199.4		-3
-197.3		0
-198.7		2
-197.1		4
-195.6		-2
-195.8		-2
-197.1		1
-195.8		2
-197.3		-3
-197.8		3
-196.1		-1
-196.6		-1
-197.3		-2
-194.9		2
-196.2		1
-197.1		-2
-195.8		4
-197.5		-2
-197.5		0
-195.3		-2
-198.1		-1
-198.1		2
-196.3		-2
-197.9		1
-198.5		1
-198.6		-3
-197.0		3
-197.6		-1
-196.8		0
-196.9		-1
-196.9		2
-197.4		0
-197.7		1
-196.8		1
-198.6		-2
-197.8		-2
-197.4		2
-198.0		0
-196.6		0
-197.1		-1
-195.9		3
-197.4		-1
-198.4		-2
-200.5		-3
-195.6		3
-197.4		1
-196.5		0
-196.4		0
-196.0		0
-195.8		-1
-198.1		0
-196.9		0
-198.1		2
-197.6		-2
-196.4		1
-197.3		-3
-199.8		1
-196.8		2
-198.0		0
-198.3		1
-196.3		0
-198.4		-1
-197.5		0
-198.6		0
-198.7		-3
-199.5		0
-201.0		-1
-198.1		1
-196.8		1
-199.7		-2
-199.7		2
-199.3		0
-198.1		-2
-198.6		2
-201.3		-2
-198.8		1
-200.4		0
-197.9		1
-200.1		1
-199.5		-3
-201.0		0
-199.2		0
-197.5		2
-200.6		-3
-199.6		3
-199.8		-1
-200.6		-1
-199.8		0
-201.9		1
-199.9		-1
-199.9		2
-200.0		-2
-200.1		1
-200.1		-2
-200.4		3
-203.1		-5
-204.0		1
-201.3		2
-202.1		-2
-199.6		3
-200.1		0
-199.2		0
-201.8		-2
-199.4		3
-199.0		-1
-200.8		-1
-201.1		-2
-200.1		1
-200.3		0
-200.1		1
-199.9		0
-201.5		-1
-201.1		-1
-204.9		-2
-202.3		3
-205.1		1
-203.8		-3
-200.5		2
-202.5		0
-202.4		-3
-205.6		-1
-201.1		5
-202.9		-1
-202.4		1
-201.3		1
-201.6		-2
-200.4		-1
-203.3		2
-203.0		-2
-201.8		2
-202.9		-1
-201.5		0
-202.1		-2
-202.7		1
-202.5		0
-202.8		0
-201.4		2
-205.0		-4
-202.0		3
-203.5		-1
-201.5		2
-199.4		1
-203.0		-3
-200.7		2
-203.1		-2
-199.8		1
-202.1		0
-201.0		0
-203.6		-2
-203.5		1
-199.9		0
-202.7		-1
-201.6		2
-201.6		1
-203.4		-3
-201.9		1
-204.6		-2
-204.5		1
-202.1		1
-204.9		-3
-202.5		0
-206.2		1
-205.4		0
-206.0		0
-203.4		0
-205.6		-2
-205.4		2
-206.9		-1
-203.8		1
-203.6		0
-205.9		-1
-203.6		-1
-203.9		1
-204.4		0
-203.8		0
-202.8		2
-205.8		0
-206.0		-2
-205.9		0
-203.1		1
-205.2		-1
-206.5		-2
-204.8		3
-205.1		-1
-205.6		0
-205.6		-2
-205.8		2
-204.4		2
-206.8		-1
-206.1		-2
-205.2		1
-206.8		-1
-204.6		3
-204.0		0
-204.1		-1
-204.3		-1
-203.6		0
-202.0		3
-204.0		-2
-203.9		0
-202.4		2
-203.7		-1
-205.2		-1
-203.8		1
-204.6		-3
-204.3		2
-203.9		-1
-204.3		2
-205.6		-1
-205.6		-3
-203.5		4
-204.0		-2
-202.0		1
-205.1		1
-204.6		-1
-205.3		0
-206.5		1
-204.0		1
-203.5		-1
-203.6		-1
-206.1		0
-204.7		-2
-204.0		2
-206.5		-1
-206.1		1
-204.8		0
-205.5		-1
-205.6		0
-203.6		1
-203.3		0
-202.6		1
-205.3		-1
-203.9		1
-204.7		-2
-204.8		2
-204.5		0
-204.5		0
-202.5		1
-204.4		0
-204.9		-3
-203.7		1
-206.1		0
-203.5		2
-206.4		-2
-204.6		2
-204.4		-2
-201.8		2
-203.8		-2
-202.5		1
-204.1		0
-205.5		-1
-206.0		-1
-206.0		1
-203.3		2
-203.9		-3
-205.5		0
-203.4		1
-204.5		0
-205.2		1
-203.9		1
-202.6		-1
-206.0		-2
-205.6		1
-206.4		0
-203.5		1
-205.9		-3
-203.6		3
-205.5		-1
-206.0		-3
-205.4		1
-205.4		2
-203.8		2
-206.3		-3
-205.7		-1
-204.6		1
-206.6		0
-201.8		3
-205.0		1
-204.0		-4
-205.0		0
-203.4		2
-204.6		-2
-207.9		-2
-204.0		1
-204.4		0
-206.4		2
-205.0		-3
-206.6		3
-206.8		-2
-208.0		0
-205.8		2
-206.6		-3
-206.4		2
-204.8		1
-203.3		1
-205.4		-3
-204.7		1
-207.1		-1
-204.0		3
-206.8		-5
-205.6		3
-203.4		2
-206.6		-2
-206.6		1
-203.9		0
-206.0		-2
-203.5		2
-207.0		-2
-204.3		2
-204.2		0
-204.0		0
-206.7		-2
-208.2		1
-205.3		0
-204.5		0
-204.4		-2
-205.5		2
-206.5		-2
-208.5		0
-207.1		1
-206.5		1
-207.9		-2
-206.7		-1
-206.0		0
-207.5		2
-208.1		-1
-206.7		2
-206.7		-2
-205.4		1
-205.4		1
-206.8		-2
-206.4		0
-207.8		1
-207.8		-2
-209.9		1
-207.9		1
-205.9		-2
-205.5		2
-209.2		-1
-207.0		-1
-206.3		1
-206.4		0
-208.1		0
-209.6		-1
-205.9		1
-209.5		-1
-207.0		0
-209.8		0
-211.4		-2
-210.0		0
-209.0		2
-208.6		1
-208.7		-1
-210.1		-1
-210.6		1
-210.8		-2
-210.0		1
-208.5		2
-210.2		-4
-207.6		2
-209.3		1
-209.6		-1
-207.5		2
-208.6		-2
-211.1		1
-208.5		1
-208.8		0
-209.9		-1
-207.6		-1
-207.9		0
-210.1		2
-206.5		2
-207.0		-2
-207.8		0
-207.8		-1
-206.9		1
-207.5		3
-209.4		-5
-209.7		2
-208.2		-2
-208.6		2
-206.6		2
-207.0		-3
-208.1		2
-207.8		-2
-207.6		0
-208.2		0
-210.3		1
-209.4		-2
-206.6		2
-208.1		-1
-209.1		-1
-206.6		3
-207.2		-4
-207.8		3
-207.5		2
-207.1		-1
-204.9		2
-205.6		-2
-206.4		0
-207.1		1
-208.9		-3
-207.0		3
-205.1		-1
-207.0		1
-207.9		-3
-206.4		2
-206.1		0
-206.0		1
-206.3		1
-205.0		-1
-204.5		0
-205.4		1
-205.4		0
-206.5		-1
-205.3		0
-208.1		-1
-207.4		-1
-207.0		1
-207.6		2
-206.2		-1
-208.8		0
-207.0		-1
-206.4		2
-205.3		1
-206.4		-3
-209.3		-1
-207.6		2
-207.0		-3
-209.1		0
-209.6		-1
-207.0		1
-209.1		-1
-207.5		2
-205.6		0
-206.8		0
-208.8		-1
-208.8		1
-207.5		0
-206.4		1
-207.2		0
-205.4		1
-207.6		-1
-208.2		-2
-208.1		1
-206.7		2
-206.6		0
-207.1		0
-207.3		-1
-206.4		-1
-206.3		0
-208.0		0
-209.3		-2
-206.5		3
-206.4		-1
-206.5		0
-209.5		-1
-208.3		4
-208.3		-5
-208.5		1
-207.6		2
-206.2		-1
-206.8		-1
-208.8		2
-205.9		0
-207.5		-2
-209.3		1
-208.6		-3
-207.7		4
-208.0		-1
-205.9		0
-208.4		0
-205.6		1
-208.2		-1
-207.7		0
-208.9		0
-209.9		-3
-208.3		2
-208.1		1
-207.5		-1
-208.4		-1
-208.7		2
-211.1		-2
-206.4		2
-208.0		-1
-208.8		-1
-208.8		2
-208.8		-2
-207.6		4
-206.7		-2
-205.5		1
-208.9		-1
-206.6		1
-210.6		-1
-209.0		-1
-209.0		-2
-209.0		0
-206.0		5
-208.3		-4
-207.5		0
-207.1		3
-206.4		-1
-208.4		0
-208.3		0
-209.4		-2
-206.9		2
-208.9		0
-209.6		-3
-207.5		3
-207.6		-2
-205.6		2
-205.8		1
-208.6		-1
-208.1		1
-206.8		1
-206.5		-1
-206.6		1
-208.4		-1
-208.6		-3
-207.4		0
-209.7		0
-208.3		2
-208.8		-1
-208.6		2
-206.6		0
-210.7		-3
-207.2		1
-207.1		2
-206.1		-1
-207.3		0
-209.1		-3
-208.7		1
-208.5		1
-207.8		0
-208.3		1
-206.8		-2
-206.8		2
-209.4		-1
-209.7		-1
-208.3		1
-206.5		2
-206.6		1
-207.9		-3
-209.3		0
-209.8		0
-209.9		-1
-208.1		4
-211.1		-4
-207.3		2
-207.7		-1
-208.4		-1
-208.6		1
-208.2		1
-209.1		0
-206.3		-2
-209.1		1
-208.6		-1
-209.3		0
-208.0		0
-207.1		3
-208.2		-1
-207.0		0
-211.5		-4
-211.7		1
-208.3		1
-208.6		2
-209.0		-1
-208.8		0
-211.3		-2
-209.4		-1
-210.3		0
-209.4		2
-208.8		1
-208.1		-1
-209.9		-1
-210.4		1
-210.8		-3
-209.3		3
-210.0		0
-210.1		1
-212.6		-3
-211.8		1
-210.1		2
-209.6		-2
-212.6		-3
-210.5		3
-212.0		-1
-211.3		1
-211.8		-1
-211.3		2
-212.1		-2
-210.5		0
-210.0		0
-211.8		1
-210.4		1
-209.3		0
-209.3		0
-213.1		-3
-210.1		2
-210.6		1
-209.1		-1
-209.1		2
-208.1		-3
-209.3		1
-211.4		1
-212.9		-2
-209.1		2
-210.3		0
-209.1		0
-208.3		1
-207.5		1
-209.4		-2
-207.1		2
-210.9		-3
-208.2		1
-211.1		0
-208.6		-1
-212.1		-1
-209.9		0
-211.1		0
-211.5		2
-209.8		0
-210.5		-1
-211.3		0
-209.4		3
-212.0		-4
-209.8		1
-210.4		0
-209.7		0
-210.0		0
-211.6		0
-210.3		1
-212.6		-3
-210.0		1
-211.4		1
-211.6		-1
-209.6		2
-210.2		-1
-209.8		-1
-210.9		2
-210.6		-1
-207.7		2
-209.3		-2
-210.0		2
-210.9		-3
-210.9		3
-210.1		-1
-212.1		-1
-211.1		0
-211.0		1
-207.9		-1
-212.2		0
-209.1		1
-210.8		-1
-209.8		1
-211.6		1
-212.1		-3
-207.7		2
-209.9		-2
-207.1		3
-210.0		0
-211.5		-1
-209.1		1
-208.8		0
-210.5		-1
-209.5		-1
-208.7		1
-208.9		0
-210.5		1
-211.4		-1
-212.0		0
-209.5		-1
-211.6		0
-209.8		0
-210.8		-1
-209.5		2
-209.5		1
-209.9		-3
-210.7		2
-209.6		0
-211.4		-2
-212.1		1
-210.1		-1
-210.6		2
-212.5		-1
-211.1		-1
-211.1		-2
-209.9		3
-209.9		0
-210.7		1
-208.7		-2
-211.3		0
-211.5		0
-211.1		0
-210.4		-1
-210.6		3
-209.1		0
-210.4		-1
-210.6		0
-211.5		-1
-210.1		1
-213.9		-1
-211.3		2
-211.6		-3
-209.8		2
-211.6		0
-211.6		0
-213.8		-2
-213.7		-2
-211.8		5
-212.7		-1
-209.8		-1
-212.9		-1
-211.8		2
-209.9		0
-211.3		-1
-212.0		-1
-210.4		4
-210.1		-3
-207.5		2
-210.3		-1
-209.1		1
-209.4		-1
-215.1		-4
-210.1		5
-210.0		-2
-213.4		-2
-208.9		3
-207.6		1
-212.1		-3
-210.1		2
-212.6		-1
-210.4		1
-209.3		-1
-212.5		1
-211.6		1
-212.4		-4
-211.7		2
-211.1		-1
-210.8		1
-213.9		1
-210.6		-2
-213.1		1
-209.5		2
-211.5		-2
-209.8		0
-207.8		4
-211.6		-3
-211.4		-1
-212.4		0
-210.5		2
-210.3		-2
-210.0		3
-209.4		-3
-208.4		0
-211.4		2
-210.5		1
-209.6		-3
-212.4		-3
-210.4		5
-209.9		0
-210.2		-1
-211.6		1
-210.9		-2
-210.1		1
-211.9		1
-211.0		-1
-212.3		0
-210.0		-1
-208.4		2
-208.1		1
-209.1		-2
-208.5		3
-210.1		-2
-209.9		0
-208.5		-1
-210.1		0
-209.6		2
-210.1		-1
-210.1		-2
-211.1		2
-211.1		-2
-211.1		0
-212.0		0
-210.9		1
-211.0		-1
-213.1		-1
-211.0		0
-212.0		0
-209.6		2
-212.0		-2
-211.6		2
-212.3		0
-212.5		-1
-213.4		1
-209.6		-2
-212.8		0
-210.5		2
-211.5		-3
-211.2		1
-212.2		2
-210.0		-1
-211.7		-1
-210.5		1
-209.9		0
-210.9		0
-211.7		0
-211.9		1
-210.4		0
-210.6		0
-212.0		-1
-212.3		1
-209.6		0
-210.6		0
-212.4		-1
-210.8		0
-210.9		1
-210.9		-2
-211.9		2
-212.1		0
-211.1		-1
-212.1		1
-212.0		-2
-210.8		2
-209.6		0
-214.8		-3
-210.7		2
-212.1		-1
-211.4		0
-212.4		1
-212.1		-1
-212.5		1
-210.0		1
-212.9		-1
-213.1		-2
-213.1		0
-213.3		1
-213.2		2
-212.7		-2
-210.6		0
-211.2		-1
-211.4		3
-213.7		-3
-212.2		0
-213.3		0
-212.1		2
-212.6		0
-211.0		2
-212.6		-4
-213.3		1
-211.4		0
-211.6		0
-212.6		-1
-213.7		1
-214.9		-1
-214.0		1
-213.1		-1
-213.1		2
-212.6		-1
-212.9		-2
-213.1		2
-216.1		-2
-214.5		-1
-212.9		5
-213.0		-2
-213.6		-1
-211.3		1
-212.9		0
-212.6		0
-214.2		-2
-215.0		1
-215.4		-2
-214.1		2
-213.4		-1
-213.7		1
-213.3		0
-213.1		-1
-214.8		0
-212.1		0
-216.8		-2
-214.1		0
-214.4		2
-213.6		1
-214.6		0
-212.0		1
-216.0		0
-213.9		-2
-214.1		0
-215.5		-1
-214.8		2
-213.1		-1
-214.0		1
-215.2		-1
-214.9		-2
-213.1		2
-214.1		0
-212.6		1
-215.1		-1
-214.1		2
-213.5		-1
-215.9		0
-212.8		-1
-215.9		2
-217.1		-4
-214.6		1
-213.5		0
-213.3		0
-214.2		3
-215.1		-3
-212.5		2
-214.9		0
-214.8		-1
-215.8		-1
-214.7		1
-214.9		0
-213.6		1
-213.1		0
-214.6		-3
-214.3		1
-215.1		-1
-216.0		1
-214.6		1
-215.3		1
-215.2		-3
-214.5		2
-216.3		0
-217.3		-4
-217.2		3
-217.6		-1
-216.5		2
-216.0		-1
-217.3		0
-209.0		7
-214.4		-7
